F50.01.001	8	0	0	1	0
F50.01.002	0	0	0	0	0
F50.01.003	0	0	0	0	0
F50.01.004	10	0	0	0	0
F50.01.005	0	0	60	0	12
F50.01.006	0	0	0	0	0
F50.01.007	16	0	0	0	5
F50.01.008	0	0	0	0	0
F50.01.009					
F50.01.010					
F50.01.011	0	0	0	0	0
F50.01.013	35	0	0	0	0
F50.01.015	0	16	24	5	0
F50.01.016	0	0	60	0	12
F50.01.018	0	0	60	0	12
F50.01.019	2	2	0	0	0
F50.01.020	0	16	24	5	0
F50.01.021	0	0	60	0	12
F50.01.022	2	6	16	0	2
F50.01.024	0	0	60	0	12
F50.01.025	0	16	24	5	0
F50.01.026	0	0	0	0	0
F50.01.027	0	0	60	0	12
F50.01.029	10	0	0	0	0
F50.01.030	0	0	0	0	0
F50.01.031	0	0	0	0	0
F50.01.032	8	0	0	1	0
F50.01.033	8	0	0	1	0
F50.01.034	8	0	0	1	0
F50.01.035	0	0	0	0	0
F50.01.038	8	0	0	0	2
F50.01.039	0	0	0	0	0
F50.01.040	0	0	0	0	0
F50.01.041	0	0	0	0	0
F50.01.042	0	0	0	0	0
F50.01.043	0	0	0	0	0
F50.01.044	0	0	0	0	0
F50.01.045	0	0	0	0	0
F50.01.046	0	0	0	0	0
F50.01.049	0	0	0	0	0
F50.01.050	0	0	0	0	0
F50.01.051	10	0	0	0	0
F50.01.052	0	0	0	0	0
F50.01.053	0	0	0	0	0
F50.01.056	0	0	0	0	0
F50.01.061	0	0	0	0	0
F50.01.062	2	6	16	0	2
F50.01.064					
F50.01.065	0	0	0	0	0
F50.01.067	20	0	0	0	0
F50.01.071	0	0	0	0	0
F50.01.073	0	0	0	0	0
F50.01.074	0	0	0	0	0
F50.01.076	0	0	0	0	0
F50.01.077	0	0	0	0	0
F50.01.078	2	2	0	0	0
F50.01.079	2	2	0	0	0
F50.01.080	0	0	0	0	0
F50.01.081	8	0	0	1	0
F50.01.082	0	0	0	0	0
F50.01.083	0	0	0	0	3
F50.01.084	0	0	0	0	0
F50.01.085	0	0	0	0	0
F50.01.086	0	0	0	0	0
F50.01.087	0	0	0	0	0
F50.01.088	0	0	0	0	0
F50.01.089					
F50.01.090					
F50.01.091					
F50.01.092					
F50.01.093					
F50.02.001	30	0	0	10	0
F50.02.002	0	0	0	0	0
F50.02.003	0	0	0	0	0
F50.02.004	0	0	0	0	0
F50.02.005	0	0	0	0	0
F50.02.011	6	0	0	0	0
F50.02.012	6	0	0	0	0
F50.02.013	20	0	0	0	0
F50.02.014	8	0	0	1	0
F50.02.016	8	0	0	1	0
F50.02.017	20	0	0	1	0
F50.02.018	10	0	0	0	0
F50.02.019	0	0	0	0	0
F50.02.020	0	0	0	0	0
F50.02.021	0	0	0	0	0
F50.02.022	0	0	0	0	0
F50.02.023	0	0	0	0	0
F50.02.024	0	0	0	0	0
F50.02.025	0	0	0	0	0
F50.02.026	0	0	0	0	0
F50.02.027	0	0	0	0	0
F50.03.002	0	0	0	3	0
F50.03.003	0	0	0	3	0
F50.03.004	0	0	0	3	0
F50.03.005					
F50.03.006	0	0	0	3	0
F50.03.007	0	0	0	3	0
F50.03.008	0	0	0	3	0
F50.03.009	0	0	0	0	0
F50.03.010	0	0	0	0	0
F50.03.011	10	0	0	0	0
F50.03.015	0	0	0	0	0
F50.03.017	0	0	0	0	0
F50.03.018	20	0	0	1	0
F50.04.001	0	0	0	0	0
F50.04.002	0	0	0	0	0
F50.04.003	0	0	0	0	0
F50.04.004	0	0	0	0	0
F50.04.005	0	0	0	0	0
F50.04.006	0	0	0	0	0
F50.04.007	0	0	0	0	0
F50.04.008	0	0	0	0	0
F50.04.009	0	0	0	0	0
F50.04.010	0	0	0	0	0
F50.04.011	0	0	0	0	0
F50.04.012	0	0	0	0	0
F50.04.013	0	0	0	0	0
F50.04.014	0	0	0	0	0
F50.04.015	0	0	0	0	0
F50.04.016					
F50.04.017	0	0	0	0	0
F50.04.018	0	0	0	0	0
F50.04.019	0	0	0	0	0
F50.04.021	0	0	0	0	0
F50.04.023	0	0	0	0	0
F50.04.024	0	0	0	0	0
F50.04.025					
F50.04.026	0	0	0	0	0
F50.04.027	0	0	0	0	0
F50.04.028	0	0	0	0	0
F50.04.029	0	0	0	0	0
F50.04.030	0	0	0	0	0
F50.04.031	0	0	0	0	0
F50.04.032	0	0	0	0	0
F50.04.033	0	0	0	0	0
F50.04.034	0	0	0	0	0
F50.04.035	0	0	0	0	0
F50.04.036	0	0	0	0	0
F50.04.037	0	0	0	0	0
F50.04.038	0	0	0	0	0
F50.04.039	0	0	0	0	0
F50.04.040	0	0	0	0	0
F50.04.041	0	0	0	0	0
F50.04.042	0	0	0	0	0
F50.04.043	0	0	0	0	0
F50.04.044	0	0	0	0	0
F50.04.045	0	0	0	0	0
F50.04.046	0	0	0	0	0
F50.04.047	0	0	0	0	0
F50.04.048	0	0	0	0	0
F50.04.049	0	0	0	0	0
F50.04.050	0	0	0	0	0
F50.04.051	0	0	0	0	0
F50.04.052	0	0	0	0	0
F50.04.053	0	0	0	0	0
F50.04.054	0	0	0	0	0
F50.04.055	0	0	0	0	0
F50.04.056	0	0	0	0	0
F50.04.057	0	0	0	0	0
F50.04.058	0	0	0	0	0
F50.04.059	0	0	0	0	0
F50.04.060	0	0	0	0	0
F50.04.061	0	0	0	0	0
F50.04.062	0	0	0	0	0
F50.04.063	0	0	0	0	0
F50.04.064	0	0	0	0	0
F50.04.065	0	0	0	0	0
F50.04.066	0	0	0	0	0
F50.04.067	0	0	0	0	0
F50.04.068	0	0	0	0	0
F50.04.069	0	0	0	0	0
F50.04.070	0	0	0	0	0
F50.04.071	0	0	0	0	0
F50.04.073	0	0	0	0	0
F50.04.074	0	0	0	0	0
F50.04.075	0	0	0	0	0
F50.04.076	0	0	0	0	0
F50.04.077	0	0	0	0	0
F50.04.078	0	0	0	0	0
F50.04.079	0	0	0	0	0
F50.04.080	0	0	0	0	0
F50.04.081	0	0	0	0	0
F50.04.082	0	0	0	0	0
F50.04.083	0	0	0	0	0
F50.04.084	0	0	0	0	0
F50.04.085	0	0	0	0	0
F50.04.086	0	0	0	0	0
F50.04.087	0	0	0	0	0
F50.04.088	0	0	0	0	0
F50.04.089	0	0	0	0	0
F50.04.090	0	0	0	0	0
F50.04.091	0	0	0	0	0
F50.04.092	0	0	0	0	0
F50.04.093	0	0	0	0	0
F50.04.094	0	0	0	0	0
F50.04.095	0	0	0	0	0
F50.04.096	0	0	0	0	0
F50.04.097	0	0	0	0	0
F50.04.098	0	0	0	0	0
F50.04.099	0	0	0	0	0
F50.04.100	0	0	0	0	0
F50.04.101	0	0	0	0	0
F50.04.102	0	0	0	0	0
F50.04.103	0	0	0	0	0
F50.04.104	0	0	0	0	0
F50.04.105	0	0	0	0	0
F50.04.106	0	0	0	0	0
F50.04.107	0	0	0	0	0
F50.04.109	0	0	0	0	0
F50.04.110	0	0	0	0	0
F50.04.111	0	0	0	0	0
F50.04.112	0	0	0	0	0
F50.04.113	0	0	0	0	0
F50.04.114	0	0	0	0	0
F50.04.115	0	0	0	0	0
F50.04.116	0	0	0	0	0
F50.04.117	0	0	0	0	0
F50.04.118	0	0	0	0	0
F50.04.119	0	0	0	0	0
F50.04.120	0	0	0	0	0
F50.04.121	0	0	0	0	0
F50.04.122	0	0	0	0	0
F50.04.123	0	0	0	0	0
F50.04.124	0	0	0	0	0
F50.04.125	0	0	0	0	0
F50.04.126	0	0	0	0	0
F50.04.127	0	0	0	0	0
F50.04.128	0	0	0	0	0
F50.04.129	0	0	0	0	0
F50.04.130	0	0	0	0	0
F50.04.131	0	0	0	0	0
F50.04.132	0	0	0	0	0
F50.04.133	0	0	0	0	0
F50.04.134	0	0	0	0	0
F50.04.135	0	0	0	0	0
F50.04.136	0	0	0	0	0
F50.04.137	0	0	0	0	0
F50.04.138	0	0	0	0	0
F50.04.139	0	0	0	0	0
F50.04.140	0	0	0	0	0
F50.04.141	0	0	0	0	0
F50.04.142	0	0	0	0	0
F50.04.143	0	0	0	0	0
F50.04.144	0	0	0	0	0
F50.04.145	0	0	0	0	0
F50.04.146	0	0	0	0	0
F50.04.147	0	0	0	0	0
F50.04.148	0	0	0	0	0
F50.04.149	0	0	0	0	0
F50.04.150	0	0	0	0	0
F50.04.151	0	0	0	0	0
F50.04.152	0	0	0	0	0
F50.04.153	0	0	0	0	0
F50.04.154	0	0	0	0	0
F50.04.155	0	0	0	0	0
F50.04.156	0	0	0	0	0
F50.04.157	0	0	0	0	0
F50.04.158	0	0	0	0	0
F50.04.159	0	0	0	0	0
F50.04.160	0	0	0	0	0
F50.04.161	0	0	0	0	0
F50.04.162	0	0	0	0	0
F50.04.163	0	0	0	0	0
F50.04.164	0	0	0	0	0
F50.04.165	0	0	0	0	0
F50.04.166	0	0	0	0	0
F50.04.167	0	0	0	0	0
F50.04.168	0	0	0	0	0
F50.04.169	0	0	0	0	0
F50.04.170	0	0	0	0	0
F50.04.171	0	0	0	0	0
F50.04.172	0	0	0	0	0
F50.04.175	0	0	0	0	0
F50.04.176	0	0	0	0	0
F50.04.177	0	0	0	0	0
F50.04.178	0	0	0	0	0
F50.04.179	0	0	0	0	0
F50.04.180					
F50.04.181	0	0	0	0	0
F50.04.182	0	0	0	0	0
F50.04.183	0	0	0	0	0
F50.04.184	0	0	0	0	0
F50.04.185	0	0	0	0	0
F50.04.186	0	0	0	0	0
F50.04.187	0	0	0	0	0
F50.04.188	10	0	0	0	0
F50.04.189	0	0	0	0	0
F50.04.190	0	0	0	0	0
F50.04.191	0	0	0	0	0
F50.04.192	0	0	0	0	0
F50.04.194	0	0	0	0	0
F50.04.195	0	0	0	0	0
F50.04.197	0	0	0	0	0
F50.04.198	0	0	0	0	0
F50.04.199	0	0	0	0	0
F50.04.200	0	0	0	0	0
F50.04.201	0	0	0	0	0
F50.04.202	0	0	0	0	0
F50.04.204					
F50.04.205	0	0	0	0	0
F50.04.206	0	0	0	0	0
F50.04.207	0	0	0	0	0
F50.04.208	0	0	0	0	0
F50.04.209	0	0	0	0	0
F50.04.210	0	0	0	0	0
F50.04.211	0	0	0	0	0
F50.04.212	0	0	0	0	0
F50.04.213	0	0	0	0	0
F50.04.216	0	0	0	0	0
F50.04.217	0	0	0	0	0
F50.04.218	0	0	0	0	0
F50.04.219	0	0	0	0	0
F50.04.220	0	0	0	0	0
F50.04.221	0	0	0	0	0
F50.04.222	0	0	0	0	0
F50.04.223	0	0	0	0	0
F50.04.224	0	0	0	0	0
F50.04.225	0	0	0	0	0
F50.04.226	0	0	0	0	0
F50.04.227	0	0	0	0	0
F50.04.228	0	0	0	0	0
F50.04.229	0	0	0	0	0
F50.04.230	0	0	0	0	0
F50.04.231	0	0	0	0	0
F50.04.232	0	0	0	0	0
F50.04.233	0	0	0	0	0
F50.04.234	0	0	0	0	0
F50.04.235	0	0	0	0	0
F50.04.236	0	0	0	0	0
F50.04.237	0	0	0	0	0
F50.04.238	0	0	0	0	0
F50.04.239	0	0	0	0	0
F50.04.240	0	0	0	0	0
F50.04.241	0	0	0	0	0
F50.04.242	0	0	0	0	0
F50.04.243	10	0	0	0	0
F50.04.245	0	0	0	0	0
F50.04.246	0	0	0	0	0
F50.04.247					
F50.04.248	0	0	0	0	0
F50.04.250	0	0	0	0	0
F50.04.252	0	0	0	0	0
F50.04.253	0	0	0	0	0
F50.04.255	0	0	0	0	0
F50.04.256	0	0	0	0	0
F50.04.257	0	0	0	0	0
F50.04.258	0	0	0	0	0
F50.04.259	0	0	0	0	0
F50.04.260	0	0	0	0	0
F50.04.261	0	0	0	0	0
F50.04.263	0	0	0	0	0
F50.04.264	0	0	0	0	0
F50.04.268	0	0	0	0	0
F50.04.270					
F50.04.271	0	0	0	0	0
F50.04.272	0	0	0	0	0
F50.04.273	0	0	0	0	0
F50.04.274	0	0	0	0	0
F50.04.275	0	0	0	0	0
F50.04.316	0	0	0	0	0
F50.04.320	0	0	0	0	0
F50.04.332	0	0	0	0	0
F50.04.337	0	0	0	0	0
F50.04.338	8	0	0	0	0
F50.04.342	0	0	0	0	0
F50.04.343	8	0	0	1	0
F50.04.344	8	0	0	1	0
F50.04.345	30	0	0	4	0
F50.04.346	0	0	0	0	0
F50.04.347	0	0	0	0	0
F50.04.348	30	0	0	4	0
F50.04.350	0	0	0	0	0
F50.04.353	30	0	0	4	0
F50.04.354	0	0	0	0	0
F50.04.357	0	0	0	0	0
F50.04.358	0	0	0	0	0
F50.04.360	0	0	0	0	0
F50.04.361	0	0	0	0	0
F50.04.363	0	0	0	0	0
F50.04.364	0	0	0	0	0
F50.04.366	0	0	0	0	0
F50.04.367	0	0	0	0	0
F50.04.368	0	0	0	0	0
F50.04.369					
F50.04.370					
F50.04.371	30	0	0	4	0
F50.04.372	0	0	0	0	0
F50.04.373	0	0	0	0	0
F50.04.374	0	0	0	0	0
F50.04.375					
F50.04.376	0	0	0	0	0
F50.04.377	0	0	0	0	0
F50.04.378	0	0	0	0	0
F50.04.379	0	0	0	0	0
F50.04.380	0	0	0	0	0
F50.04.381	0	0	0	0	0
F50.04.382	0	0	0	0	0
F50.04.383	0	0	0	0	0
F50.04.384	0	0	0	0	0
F50.04.385	0	0	0	0	0
F50.04.386	0	0	0	0	0
F50.04.387	10	0	0	0	0
F50.04.388	0	0	0	0	0
F50.04.389	0	0	0	0	0
F50.04.390	8	0	0	1	0
F50.04.391	8	0	0	1	0
F50.04.392	8	0	0	1	0
F50.04.393	8	0	0	1	0
F50.04.394	0	0	0	0	0
F50.04.395	0	0	0	0	0
F50.04.396	0	0	0	0	0
F50.04.397	0	0	0	0	0
F50.04.399	10	0	0	0	0
F50.04.400	10	0	0	0	0
F50.04.403	10	0	0	0	0
F50.04.404	0	0	0	0	0
F50.04.405	0	0	0	0	0
F50.04.406	0	0	0	0	0
F50.04.408	20	0	0	0	0
F50.04.409	0	0	0	0	0
F50.04.411	0	0	0	0	0
F50.04.412	0	0	0	0	0
F50.04.413	0	0	0	0	0
F50.04.414	0	0	0	0	0
F50.04.415	0	0	0	0	0
F50.04.416	0	0	0	0	0
F50.04.417	0	0	0	0	0
F50.04.418	0	0	0	0	0
F50.04.419	0	0	0	0	0
F50.04.420	0	0	0	0	0
F50.04.421	0	0	0	0	0
F50.04.422	0	0	0	0	0
F50.04.423	0	0	0	0	0
F50.04.424	0	0	0	0	0
F50.04.425	0	0	0	0	0
F50.04.426	0	0	0	0	0
F50.04.427	0	0	0	0	0
F50.04.428	0	0	0	0	0
F50.04.429	6	0	0	0	0
F50.04.430	6	0	0	0	0
F50.04.432	0	0	0	0	0
F50.04.433	0	0	0	0	0
F50.04.434	0	0	0	0	0
F50.04.435	0	0	0	0	0
F50.04.436	0	0	0	0	0
F50.04.437	0	0	0	0	0
F50.04.438	0	0	0	0	1
F50.04.439	0	0	0	0	1
F50.04.440	0	0	0	0	0
F50.04.441	0	0	0	0	0
F50.04.442	0	0	0	0	0
F50.04.443	0	0	0	0	0
F50.04.444	0	0	0	0	0
F50.04.445	0	0	0	0	0
F50.04.446	0	0	0	0	0
F50.04.447	0	0	0	0	0
F50.04.448	0	0	0	0	0
F50.04.449	0	0	0	0	0
F50.04.450	0	0	0	0	0
F50.04.451	0	0	0	0	0
F50.04.452	0	0	0	0	0
F50.04.453	0	0	0	0	0
F50.04.454	0	0	0	0	0
F50.04.455	0	0	0	0	0
F50.04.456	0	0	0	0	0
F50.04.457	0	0	0	0	0
F50.04.459	0	0	0	0	1
F50.04.460	0	0	0	0	0
F50.04.461	0	0	0	0	0
F50.04.462	0	0	0	0	0
F50.04.463	0	0	0	0	0
F50.04.464	0	0	0	0	0
F50.04.465	0	0	0	0	0
F50.04.466	0	0	0	0	0
F50.04.467	0	0	0	0	0
F50.04.468	0	0	0	0	0
F50.04.469	0	0	0	0	0
F50.04.470	0	0	0	0	0
F50.04.471	0	0	0	0	0
F50.04.472	0	0	0	0	0
F50.04.473	0	0	0	0	0
F50.04.474	0	0	0	0	0
F50.04.475	0	0	0	0	0
F50.04.476	0	0	0	0	0
F50.04.477	0	0	0	0	0
F50.04.478	0	0	0	0	0
F50.04.479	0	0	0	0	0
F50.04.480	0	0	0	0	0
F50.04.481	0	0	0	0	0
F50.04.482	0	0	0	0	0
F50.04.485	0	0	0	0	0
F50.04.486	0	0	0	0	0
F50.04.487	0	0	0	0	0
F50.04.488	0	0	0	0	0
F50.04.489	0	0	0	0	0
F50.04.490	0	0	0	0	0
F50.04.491	0	0	0	0	0
F50.04.492	0	0	0	0	0
F50.04.493	0	0	0	0	0
F50.04.494					
F50.04.495					
F50.04.496	0	0	0	0	0
F50.04.497	0	0	0	0	0
F50.04.498	0	0	0	0	0
F50.04.499	0	0	0	0	0
F50.04.500	20	0	0	0	0
F50.04.501	0	0	0	0	0
F50.04.502					
F50.04.505	0	0	0	0	0
F50.04.506	0	0	0	0	0
F50.04.507	6	0	0	0	0
F50.04.508	6	0	0	0	0
F50.04.513					
F50.04.515					
F50.04.516	0	0	0	0	0
F50.04.517	0	0	0	0	0
F50.04.518	0	0	0	0	0
F50.04.519					
F50.04.520					
F50.04.521					
F50.04.522	0	0	0	0	0
F50.04.523					
F50.04.525					
F50.04.526	0	0	0	0	0
F50.04.527	0	0	0	0	0
F50.04.528	0	0	0	0	0
F50.04.529	0	0	0	0	0
F50.04.530	0	0	0	0	0
F50.04.531	0	0	0	0	0
F50.04.532	0	0	0	0	0
F50.04.533	0	0	0	0	0
F50.04.534					
F50.04.535					
F50.04.536					
F50.04.537					
F50.04.538					
F50.04.539					
F50.04.540					
F50.04.541					
F50.04.542					
F50.04.544					
F50.04.545					
F50.04.546					
F50.04.547					
F50.04.549					
F50.04.550					
F50.04.551					
F50.04.552					
F50.04.554					
F50.04.555					
F50.04.556					
F50.04.557					
F50.04.558					
F50.04.559					
F50.04.560					
F50.04.561					
F50.04.562					
F50.04.563					
F50.04.564					
F50.04.565					
F50.04.566					
F50.04.567					
F50.04.568					
F50.04.569					
F50.04.570					
F50.04.571	0	0	0	0	0
F50.04.572					
F50.04.573					
F50.04.574					
F50.04.575					
F50.04.576					
F50.04.577					
F50.04.578	0	0	0	0	0
F50.04.579	0	0	0	0	0
F50.04.580	0	0	0	0	0
F50.04.581					
F50.04.582					
F50.04.583					
F50.04.584					
F50.04.585					
F50.04.586					
F50.04.587					
F50.04.588					
F50.04.589					
F50.04.590					
F50.04.591					
F50.04.592					
F50.04.593					
F50.04.594					
F50.04.595					
F50.04.596					
F50.04.597					
F50.04.598					
F50.04.599					
F50.04.600					
F50.04.601					
F50.04.602					
F50.04.603					
F50.04.604					
F50.04.605					
F50.04.606					
F50.04.607					
F50.04.608					
F50.04.609					
F50.04.610					
F50.04.611					
F50.04.612					
F50.04.613					
F50.04.614					
F50.04.615					
F50.04.616					
F50.04.617					
F50.04.618					
F50.04.619					
F50.04.620					
F50.04.621					
F50.04.622					
F50.04.623					
F50.04.624					
F50.04.625					
F50.04.626					
F50.04.627					
F50.04.628					
F50.04.629	0	0	0	0	0
F50.04.630					
F50.04.631					
F50.05.001	0	0	0	0	0
F50.05.002	0	0	0	0	0
F50.05.003	0	0	0	0	0
F50.05.004	8	0	0	0	0
F50.05.005	0	0	0	0	0
F50.05.007	8	0	0	1	0
F50.05.008	8	0	0	1	0
F50.05.009	8	0	0	1	0
F50.05.010	8	0	0	1	0
F50.05.011	8	0	0	1	0
F50.05.012	8	0	0	1	0
F50.05.013	8	0	0	1	0
F50.05.015	0	0	0	0	0
F50.05.016	0	0	0	0	0
F50.05.017	8	0	0	1	0
F50.05.018	8	0	0	1	0
F50.05.019	8	0	0	1	0
F50.05.020	8	0	0	1	0
F50.05.021	8	0	0	1	0
F50.05.022	0	0	0	0	0
F50.05.023	0	0	0	0	0
F50.05.024	8	0	0	1	0
F50.05.025	0	0	0	0	0
F50.05.026	0	0	0	0	0
F50.05.027	8	0	0	1	0
F50.05.028	8	0	0	0	0
F50.05.030	0	0	0	0	0
F50.05.031	8	0	0	1	0
F50.05.032	8	0	0	1	0
F50.05.033	8	0	0	1	0
F50.05.034	8	0	0	1	0
F50.05.035	0	0	0	0	0
F50.05.036	0	0	0	0	0
F50.05.037	0	0	0	0	0
F50.05.039					
F50.05.040	0	0	0	0	0
F50.05.041	8	0	0	1	0
F50.05.042	8	0	0	1	0
F50.05.043	8	0	0	1	0
F50.05.044	0	0	0	0	0
F50.05.046	0	0	0	0	0
F50.05.047	0	0	0	0	0
F50.05.048	8	0	0	1	0
F50.05.049	0	0	0	0	0
F50.05.050	8	0	0	1	0
F50.05.051	0	0	0	0	0
F50.05.052	8	0	0	1	0
F50.05.053	8	0	0	1	0
F50.05.058	8	0	0	0	0
F50.05.060	0	0	0	0	0
F50.05.061	0	0	0	0	0
F50.05.063	0	0	0	0	0
F50.05.064	8	0	0	0	0
F50.05.067	0	0	0	0	0
F50.05.068	8	0	0	0	0
F50.05.069	0	0	0	0	0
F50.05.070	0	0	0	0	0
F50.05.071	0	0	0	0	0
F50.05.072	0	0	0	0	0
F50.05.073	0	0	0	0	0
F50.05.074					
F50.05.075					
F50.05.076					
F50.05.077					
F50.06.003	0	0	0	0	0
F50.06.004	0	0	0	0	0
F50.06.005	0	0	0	0	0
F50.06.006	0	0	0	0	0
F50.06.007	0	0	0	0	0
F50.06.008	12	6	6	2	1
F50.06.009	6	0	0	0	0
F50.06.010	30	0	0	10	0
F50.06.011	12	6	6	2	1
F50.06.012	6	0	0	0	0
F50.06.013	0	0	0	3	0
F50.06.014	0	0	0	4	0
F50.06.015	0	0	0	0	0
F50.06.016	0	0	0	0	0
F50.06.017	0	0	0	0	0
F50.06.018	0	0	0	0	0
F50.06.019	0	0	0	0	0
F50.06.020	0	0	0	0	0
F50.06.023	0	0	0	0	20
F50.06.025	2	0	0	0	0
F50.06.026	8	0	0	0	4
F50.06.027	10	0	0	0	4
F50.06.028	0	0	0	0	2
F50.06.029	0	0	0	0	2
F50.06.031	0	0	0	0	0
F50.06.032	10	0	0	0	0
F50.06.033	10	0	0	0	0
F50.06.035					
F50.07.002					
F50.07.003	10	0	0	0	0
F50.07.004	0	0	10	0	0
F50.07.005	0	0	0	0	0
F50.07.006	0	0	10	0	0
F50.07.007	6	0	0	0	0
F50.07.008	0	0	0	0	0
F50.07.012	0	0	10	0	0
F50.07.013	6	0	0	0	0
F50.07.014	0	0	10	0	0
F50.07.015	0	0	10	0	0
F50.07.016	6	0	0	0	0
F50.07.018	0	0	10	0	0
F50.07.021	6	0	0	0	0
F50.07.022	6	0	0	0	0
F50.07.024	0	0	0	0	0
F50.07.025	30	0	0	10	0
F50.07.026	0	0	10	0	0
F50.07.027	6	0	0	0	0
F50.07.029	0	0	0	0	0
F50.07.030	0	0	0	0	0
F50.07.033	6	0	0	0	0
F50.07.034	0	0	0	0	0
F50.07.035	0	0	0	0	0
F50.07.036	10	0	0	0	0
F50.07.037	6	0	0	0	0
F50.07.039	6	0	0	0	0
F50.07.040	0	0	0	0	0
F50.07.041	0	0	0	0	0
F50.07.043	6	0	0	0	0
F50.07.044	0	0	0	0	0
F50.07.045	0	0	0	0	0
F50.07.046	0	0	0	0	0
F50.07.048	0	0	0	0	0
F50.07.049	0	0	0	0	0
F50.07.050	10	0	0	0	0
F50.07.051	30	0	0	4	0
F50.07.052	8	0	0	1	0
F50.07.053	8	0	0	1	0
F50.07.054	0	0	0	0	0
F50.07.056	0	0	0	0	0
F50.07.057	0	0	0	0	0
F50.07.058	0	0	0	0	0
F50.07.061	0	0	0	0	0
F50.07.063	0	0	0	0	0
F50.07.064	0	0	0	0	0
F50.07.065	6	0	0	0	0
F50.07.068	0	0	0	0	0
F50.07.070	0	0	0	0	0
F50.07.073	0	0	0	0	0
F50.07.075	0	0	0	0	0
F50.07.077	0	0	0	0	0
F50.07.079	8	0	0	1	0
F50.07.080	8	0	0	1	0
F50.07.081	30	0	0	4	0
F50.07.082	0	0	0	0	0
F50.07.083	10	0	0	0	0
F50.07.084	0	0	0	0	0
F50.07.085	0	0	0	0	0
F50.07.086	0	0	0	0	0
F50.07.087	20	0	0	0	0
F50.07.089	20	0	0	0	0
F50.07.094	6	0	0	0	0
F50.07.095	6	0	0	0	0
F50.07.097	0	0	0	0	0
F50.07.098	30	0	0	10	0
F50.07.100	6	0	0	0	0
F50.07.104	6	0	0	0	0
F50.07.105	6	0	0	0	0
F50.07.109	6	0	0	0	0
F50.07.111	0	0	0	0	0
F50.07.112	6	0	0	0	0
F50.07.115	6	0	0	0	0
F50.07.116	0	0	0	0	0
F50.07.118	10	0	0	0	0
F50.07.120	0	0	0	0	0
F50.07.123	0	0	0	0	0
F50.07.126	0	0	0	0	0
F50.07.127	0	0	0	0	0
F50.07.128	0	0	0	0	0
F50.07.129	0	0	0	0	0
F50.07.130	0	0	0	0	0
F50.07.131	0	0	0	0	0
F50.07.132	4	0	0	0	2
F50.07.133	10	0	0	0	0
F50.07.134	10	0	0	0	0
F50.07.135	10	0	0	0	0
F50.07.136	10	0	0	0	0
F50.07.137	10	0	0	0	0
F50.07.138	10	0	0	0	0
F50.07.139	10	0	0	0	0
F50.07.140	0	0	0	0	0
F50.07.141	0	0	0	0	0
F50.07.142	0	0	0	0	0
F50.07.143	0	0	0	0	0
F50.07.144	0	0	0	0	0
F50.07.145	0	0	0	0	0
F50.07.146	0	0	0	0	0
F50.07.147	0	0	0	0	0
F50.07.149	0	0	10	0	0
F50.07.150	0	0	10	0	0
F50.07.151	0	0	10	0	0
F50.07.152	0	0	10	0	0
F50.07.153	0	0	10	0	0
F50.07.154	0	0	10	0	0
F50.07.155	0	0	10	0	0
F50.07.157	0	0	0	0	0
F50.07.160	0	0	0	0	0
F50.07.161	0	0	0	0	0
F50.07.162	0	0	0	0	0
F50.07.163	0	0	0	0	0
F50.07.164	0	0	0	0	0
F50.07.165	0	0	0	0	0
F50.07.166	0	0	0	0	0
F50.07.167	0	0	0	0	0
F50.07.168	0	0	0	0	0
F50.07.170	0	0	0	0	0
F50.07.171	30	0	0	4	0
F50.07.172	0	0	0	0	0
F50.07.173	0	0	0	0	0
F50.07.174	0	0	0	0	0
F50.07.175	0	0	0	0	0
F50.08.080					
F50.08.081					
F50.08.082					
F50.09.001	10	0	0	0	0
F50.09.002	6	0	0	0	0
F50.09.004	0	0	0	0	0
F50.09.005	0	0	0	0	0
F50.09.006	6	0	0	0	0
F50.09.007	6	0	0	0	0
F50.09.008	0	0	5	0	0
F50.09.009	0	0	5	0	0
F50.09.010	6	0	0	0	0
F50.09.011	6	0	0	0	0
F50.09.012	0	0	5	0	0
F50.09.013	0	0	0	0	0
F50.09.014	0	0	0	0	0
F50.09.015	6	0	0	0	0
F50.09.018	0	0	0	0	0
F50.09.019	30	0	0	10	0
F50.09.020	0	0	5	0	0
F50.09.021	6	0	0	0	0
F50.09.022	6	0	0	0	0
F50.09.023	0	0	5	0	0
F50.09.024	0	0	5	0	0
F50.09.025	6	0	0	0	0
F50.09.026	0	0	0	0	0
F50.09.034	0	0	0	0	0
F50.09.035	0	0	0	0	0
F50.09.040	8	0	0	0	0
F50.09.044	10	0	0	0	0
F50.09.045	0	0	0	0	0
F50.09.046					
F50.09.047	0	0	0	0	0
F50.10.001					
F50.10.002					
F50.12.004	0	0	0	0	0
F50.12.005	0	0	0	0	0
F50.12.006	8	0	0	1	0
F50.12.007	8	0	0	1	0
F50.12.009	0	0	0	0	0
F50.12.010	0	0	0	4	0
F50.12.011	14	0	0	3	0
F50.12.012	14	0	0	3	0
F50.12.013	14	0	0	3	0
F50.12.014	14	0	0	3	0
F50.12.015	14	0	0	3	0
F50.12.016	10	0	0	0	0
F50.12.017	10	0	0	0	0
F50.12.018	0	0	1	16	0
F50.12.019	0	0	0	3	0
F50.12.020	0	0	0	0	0
F50.13.001	0	0	0	0	0
F50.13.002	0	0	0	0	0
F50.13.003	0	0	0	0	0
F50.13.004	0	0	0	0	0
F50.13.005	0	0	0	0	0
F50.13.009	0	0	0	0	0
F50.13.010	0	0	0	0	0
F50.13.011	0	0	0	0	0
F50.13.013	0	0	0	0	0
F50.13.014	0	0	0	0	0
F50.13.019	0	0	0	0	0
F50.13.024	0	0	0	0	5
F50.13.027	0	0	0	0	0
F50.13.029	10	0	0	0	0
F50.13.033	0	0	0	0	0
F50.13.034	10	0	0	0	0
F50.13.036	0	0	0	0	0
F50.13.051	0	0	0	0	0
F50.13.052	0	0	0	0	0
F50.13.057	0	0	0	0	0
F50.13.059	0	0	0	0	0
F50.13.060	0	0	0	0	0
F50.13.061	0	0	0	0	0
F50.13.062	0	0	0	0	0
F50.13.063	0	0	0	0	0
F50.13.064	0	0	0	0	0
F50.13.065	0	0	0	0	0
F50.13.066	0	0	0	0	0
F50.13.067					
F50.13.068	0	0	0	0	2
F50.13.069	0	0	0	0	0
F50.13.070	0	0	0	0	0
F50.13.071	0	0	0	0	0
F50.13.072					
F50.13.073	0	0	0	0	5
F50.13.075	0	0	0	0	0
F50.13.076	0	0	0	0	0
F50.13.077					
F50.13.078					
F50.13.079					
F50.13.081	0	0	0	0	0
F50.13.082	0	0	0	0	0
F50.13.087	0	0	0	0	0
F50.13.088	0	0	0	0	0
F50.13.089	0	0	0	0	0
F50.14.001	0	0	0	3	0
F50.14.002	0	0	0	0	0
F50.14.003	0	0	0	3	0
F50.14.005	0	0	0	0	0
F50.14.006	20	0	0	1	0
F50.14.007	0	0	0	0	0
F50.14.008	0	0	0	0	0
F50.14.010	0	0	0	3	0
F50.14.011	0	0	0	0	0
F50.14.012	6	0	0	0	0
F50.14.013	10	0	0	0	0
F50.14.014	0	0	0	3	1
F50.14.015	6	0	0	0	0
F50.14.017	6	0	0	0	0
F50.14.018	6	0	0	0	0
F50.14.020	0	0	0	3	1
F50.14.021	0	0	0	0	0
F50.14.022	0	0	0	0	0
F50.14.023	0	0	0	3	1
F50.14.024	0	0	0	3	1
F50.14.025	0	0	0	0	0
F50.14.027	0	0	0	0	0
F50.14.028	6	0	0	0	0
F50.14.029	6	0	0	0	0
F50.14.030	0	0	0	3	1
F50.14.031	0	0	0	0	0
F50.14.032	0	0	0	3	0
F50.14.033	0	0	0	0	0
F50.14.034	0	0	0	0	0
F50.14.035	20	0	0	1	0
F50.14.036	0	0	0	3	0
F50.14.037	0	0	0	0	0
F50.14.038	35	0	0	0	0
F50.14.039	0	0	0	0	0
F50.14.040	20	0	0	0	0
F50.14.041	10	0	0	0	0
F50.14.043	0	0	0	0	0
F50.14.047	30	0	0	10	0
F50.14.048	6	0	0	0	0
F50.14.049	0	0	0	0	0
F50.14.051	0	0	0	3	0
F50.14.052	6	0	0	0	0
F50.14.053	10	0	0	0	0
F50.14.055	0	0	0	0	0
F50.14.057	0	0	0	0	0
F50.14.058	0	0	0	0	0
F50.14.059	0	0	0	3	1
F50.14.061	0	0	0	0	0
F50.14.062	0	0	0	0	0
F50.14.063	0	0	0	0	0
F50.14.064	0	0	0	0	0
F50.14.065	0	0	0	6	0
F50.14.066	0	0	0	0	0
F50.14.067	0	0	0	0	0
F50.14.068	0	0	0	0	0
F50.14.069	0	0	0	0	0
F50.14.070	0	0	0	0	0
F50.14.072					
F50.14.073					
F50.15.001	0	0	0	0	0
F50.15.002	8	0	0	1	0
F50.15.004	6	0	0	0	0
F50.15.005	6	0	0	0	0
F50.15.007	0	0	0	0	0
F50.15.010	6	0	0	0	0
F50.15.011	6	0	0	0	0
F50.15.012	0	0	0	0	0
F50.15.019	4	0	0	0	2
F50.15.020	0	0	0	0	0
F50.15.021	6	0	0	0	0
F50.15.022	6	0	0	0	0
F50.15.025	0	0	0	0	0
F50.15.026	6	0	0	0	0
F50.15.027	10	0	0	0	0
F50.15.029	0	0	0	0	0
F50.15.030	20	0	0	0	0
F50.15.033	8	0	0	1	0
F50.15.034	0	0	0	0	0
F50.15.035	0	0	0	0	0
F50.15.036	30	0	0	10	0
F50.15.037	6	0	0	0	0
F50.15.040	6	0	0	0	0
F50.15.041	6	0	0	0	0
F50.15.045	35	0	0	0	0
F50.15.046	6	0	0	0	0
F50.15.049	20	0	0	1	0
F50.15.050	30	0	0	10	0
F50.15.053	6	0	0	0	0
F50.15.054	6	0	0	0	0
F50.15.056	0	0	0	0	0
F50.15.058	6	0	0	0	0
F50.15.060	6	0	0	0	0
F50.15.063	0	0	0	0	0
F50.15.064	6	0	0	0	0
F50.15.069	0	0	0	0	0
F50.15.070	6	0	0	0	0
F50.15.071	6	0	0	0	0
F50.15.072	6	0	0	0	0
F50.15.073	0	0	0	0	0
F50.15.075	10	0	0	0	0
F50.15.076	0	0	0	0	0
F50.15.077	10	0	0	0	0
F50.15.079	4	0	0	0	2
F50.15.083	0	0	0	0	0
F50.15.085	0	0	0	0	0
F50.15.087	0	0	0	0	0
F50.15.088	0	0	0	0	0
F50.15.089	0	0	0	0	0
F50.15.093	0	0	0	0	0
F50.15.094	10	0	0	0	0
F50.15.095	6	0	20	0	4
F50.15.096	6	0	20	0	4
F50.15.097	6	0	20	8	4
F50.15.098	0	20	0	0	0
F50.15.099	0	20	0	0	0
F50.15.100	0	20	0	0	0
F50.15.101	0	20	0	0	0
F50.15.102	6	0	20	8	4
F50.15.103	6	0	20	8	4
F50.15.104	6	0	20	8	4
F50.15.105	6	0	20	8	4
F50.15.106	6	0	20	8	4
F50.15.107	6	0	20	8	4
F50.15.108	6	0	20	0	4
F50.15.109	6	0	20	8	4
F50.15.110	0	0	0	0	0
F50.15.111	0	0	0	0	0
F50.15.112	6	0	20	0	4
F50.15.113	6	0	20	8	4
F50.15.114	6	0	20	8	4
F50.15.115	0	0	0	0	0
F50.15.116	0	0	0	0	0
F50.15.117	0	0	0	0	0
F50.15.118	0	0	0	0	0
F50.15.119	6	0	0	0	0
F50.15.120	10	0	0	0	0
F50.15.121	0	0	0	0	0
F50.15.122	0	0	0	0	0
F50.15.123	20	0	0	1	0
F50.15.125					
F50.16.001	20	0	0	0	0
F50.16.002	0	0	0	0	0
F50.16.003	10	0	0	0	0
F50.16.005	0	0	0	0	0
F50.16.007	0	0	0	0	0
F50.16.008	0	0	0	0	0
F50.16.009	0	0	0	0	0
F50.16.012	0	0	0	0	0
F50.16.014	6	0	0	0	0
F50.16.016	6	0	0	0	0
F50.16.017	0	0	0	0	0
F50.16.018	0	0	0	0	0
F50.16.023	8	0	0	1	0
F50.16.024	8	0	0	1	0
F50.16.025	30	0	0	4	0
F50.16.026	0	0	0	0	0
F50.16.027	10	0	0	0	0
F50.16.028	0	0	0	0	0
F50.16.029	0	0	0	0	0
F50.16.030	0	0	0	0	0
F50.16.035	6	0	0	0	0
F50.16.036	6	0	0	0	0
F50.16.038	0	0	0	0	0
F50.16.039	30	0	0	10	0
F50.16.042	6	0	0	0	0
F50.16.043	0	0	0	0	0
F50.16.046	6	0	0	0	0
F50.16.047	6	0	0	0	0
F50.16.051	0	0	0	0	0
F50.16.054	6	0	0	0	0
F50.16.057	6	0	0	0	0
F50.16.058	6	0	0	0	0
F50.16.062	0	0	0	0	0
F50.16.064	0	0	0	0	0
F50.16.065	0	0	0	0	0
F50.16.067	4	0	0	0	2
F50.16.068	10	0	0	0	0
F50.16.069	10	0	0	0	0
F50.16.070	10	0	0	0	0
F50.16.071	0	0	0	0	0
F50.16.072	0	0	0	0	0
F50.16.073	0	0	0	0	0
F50.16.074	0	0	0	0	0
F50.16.075	0	0	0	0	0
F50.16.076	0	0	0	0	0
F50.16.077	0	0	0	0	0
F50.16.078	0	0	0	0	0
F50.16.079	0	0	10	0	0
F50.16.080	0	0	10	0	0
F50.16.081	0	0	10	0	0
F50.16.082	0	0	10	0	0
F50.16.083	0	0	10	0	0
F50.16.084	0	0	10	0	0
F50.16.085	0	0	10	0	0
F50.16.089	0	0	0	0	0
F50.16.090	0	0	0	0	0
F50.16.091	0	0	0	0	0
F50.16.092	0	0	0	0	0
F50.16.093	0	0	0	0	0
F50.16.094	0	0	0	0	0
F50.16.095	0	0	0	0	0
F50.17.001	0	0	60	0	12
F50.17.002	0	16	24	5	0
F50.17.003	0	0	60	0	12
F50.17.004	0	0	60	0	12
F50.17.005	0	16	24	5	0
F50.17.006	0	0	60	0	12
F50.17.007	10	0	0	0	0
F50.17.008	0	0	0	0	0
F50.17.012	0	0	0	0	0
F50.17.013	2	6	16	0	2
F50.17.015	2	6	16	0	2
F50.17.016	0	0	0	0	0
F50.17.017	35	0	0	0	0
F50.17.018	20	0	0	0	0
F50.17.019	0	0	0	0	0
F50.17.020					
F50.17.021					
F50.17.022	8	0	0	1	0
F50.17.023	0	0	0	0	0
F50.17.024	0	0	0	0	0
F50.17.025					
F50.17.026	8	0	0	1	0
F50.17.027	16	0	0	0	2
F50.17.028	8	0	0	1	0
F50.17.029	0	0	0	0	0
F50.17.035	8	0	0	0	2
F50.17.036	2	2	0	0	0
F50.17.038	0	0	0	0	0
F50.17.039	0	0	0	0	0
F50.17.040	0	0	0	0	0
F50.17.041	0	0	0	0	0
F50.17.042	0	0	0	0	0
F50.17.043	0	0	0	0	0
F50.17.045	0	0	0	0	0
F50.17.047	0	0	0	0	0
F50.17.051	10	0	0	0	0
F50.17.052	0	0	0	0	0
F50.17.053	0	0	0	0	0
F50.17.054	0	0	0	0	0
F50.17.055	0	0	0	0	0
F50.17.058	0	0	0	0	0
F50.17.059	0	0	0	0	0
F50.17.060	0	0	0	0	0
F50.17.061	0	0	0	0	0
F50.17.062	0	0	0	0	0
F50.17.063	2	2	0	0	0
F50.17.064	0	0	0	0	0
F50.17.065	0	0	0	0	0
F50.17.066	8	0	0	0	0
F50.17.067					
F50.17.068					
F50.17.069					
F50.17.070					
F50.18.001	0	0	60	0	12
F50.18.002	0	0	0	0	0
F50.18.003	0	0	60	0	12
F50.18.004	0	0	0	0	0
F50.19.001	0	0	0	0	0
F50.19.003	0	0	0	0	0
F50.19.004	0	0	0	0	0
F50.19.006	0	0	0	0	0
F50.19.007	0	0	0	0	0
F50.19.032	30	0	0	10	0
F50.19.033	0	0	0	0	0
F50.19.034	0	0	0	0	0
F50.19.035	0	0	0	0	0
F50.19.037	0	0	0	0	0
F50.19.041	6	0	0	0	0
F50.19.043	6	0	0	0	0
F50.19.044	6	0	0	0	0
F50.19.049	6	0	0	0	0
F50.19.050	6	0	0	0	0
F50.19.051	6	0	0	0	0
F50.19.052	6	0	0	0	0
F50.19.053	0	0	0	0	0
F50.19.054	6	0	0	0	0
F50.19.057	6	0	0	0	0
F50.19.061	6	0	0	0	0
F50.19.062	30	0	0	10	0
F50.19.063	0	0	0	0	0
F50.19.064	6	0	0	0	0
F50.19.067	6	0	0	0	0
F50.19.069	6	0	0	0	0
F50.19.071	0	0	0	0	0
F50.19.072	6	0	0	0	0
F50.19.073	0	0	0	0	0
F50.19.074	0	0	0	0	0
F50.19.075	0	0	0	0	0
F50.19.079	0	0	0	0	0
F50.19.080	0	0	0	0	0
F50.19.082	35	0	0	0	0
F50.19.084	20	0	0	1	0
F50.19.085	20	0	0	1	0
F50.19.086	0	0	0	0	0
F50.19.087	10	0	0	0	0
F50.19.088	10	0	0	0	0
F50.19.089	6	0	20	4	0
F50.19.090	6	0	20	4	0
F50.19.092	6	0	20	4	0
F50.19.093	6	0	20	4	0
F50.19.094	6	0	20	4	0
F50.19.095	6	0	20	4	0
F50.19.096	6	0	20	4	0
F50.19.097	6	0	20	4	0
F50.19.098	6	0	20	4	0
F50.19.099	6	0	20	4	0
F50.19.100	6	0	20	4	0
F50.19.101	0	0	0	0	0
F50.19.102	0	0	0	0	0
F50.19.103	0	0	0	0	0
F50.19.104	0	0	0	0	0
F50.19.105	0	0	0	0	0
F50.19.107	0	0	0	0	0
F50.19.108	0	0	0	0	0
F50.19.109	10	0	0	0	0
F50.19.110	10	0	0	0	0
F50.19.111	0	0	0	0	0
F50.19.112	0	0	0	0	0
F50.20.001	0	0	0	3	0
F50.20.002	0	0	0	0	0
F50.20.003	0	0	0	3	0
F50.20.004	0	0	0	0	0
F50.20.008	0	0	0	0	0
F50.20.009	0	0	0	0	0
F50.20.012	0	0	0	0	0
F50.20.013	0	0	0	0	0
F50.20.014	0	0	0	3	0
F50.20.017	10	0	0	0	0
F50.20.018	20	0	0	0	0
F50.20.020	30	0	0	4	0
F50.20.021	8	0	0	1	0
F50.20.024	0	0	0	3	0
F50.20.025	0	0	0	3	0
F50.20.027	0	0	0	0	0
F50.20.028	0	0	0	3	0
F50.20.029	0	0	0	3	0
F50.20.030	0	0	0	3	0
F50.20.031	0	0	0	3	0
F50.20.032	0	0	0	3	0
F50.20.033	0	0	0	3	0
F50.20.034	0	0	0	3	0
F50.20.035	0	0	0	3	0
F50.20.039	0	0	0	3	0
F50.20.043	0	0	0	0	0
F50.20.044	0	0	0	0	0
F50.20.045	0	0	0	0	0
F50.20.046	30	0	0	4	0
F50.20.047	0	0	0	0	0
F50.20.048	10	0	0	0	0
F50.20.049	0	0	0	0	0
F50.20.051	20	0	0	0	0
F50.20.052	0	0	0	0	0
F50.20.055	0	0	0	3	0
F50.20.056	0	0	0	3	0
F50.20.057	0	0	0	3	0
F50.20.059	0	0	0	0	0
F50.20.060	0	0	0	0	0
F50.20.061	0	0	0	3	0
F50.20.062	0	0	0	3	0
F50.20.063	0	0	0	0	0
F50.20.065	0	0	0	0	0
F50.20.066	10	0	0	0	0
F50.20.067	0	0	0	3	0
F50.20.069	0	0	0	3	0
F50.20.071	0	0	0	0	0
F50.20.074	0	0	0	0	0
F50.20.076	0	0	0	0	0
F50.20.077	0	0	0	0	0
F50.20.078	0	0	0	3	0
F50.20.079	0	0	0	3	0
F50.20.080	0	0	0	3	0
F50.20.081	0	0	0	0	0
F50.20.092	35	0	0	0	0
F50.20.093	0	0	0	0	0
F50.20.094	0	0	0	0	0
F50.20.095	0	0	0	0	0
F50.20.096	20	0	0	1	0
F50.20.098	6	0	0	0	0
F50.20.099	6	0	0	0	0
F50.20.100	8	0	0	1	0
F50.20.101	0	0	0	3	0
F50.20.102	0	0	0	3	0
F50.20.103	0	0	0	4	0
F50.20.104	0	0	0	0	0
F50.20.105	20	0	0	0	0
F50.20.106	0	0	0	0	0
F50.20.107	0	0	0	0	0
F50.20.109	0	0	0	3	0
F50.20.110	0	0	0	3	0
F50.20.111	0	0	0	3	0
F50.20.112	0	0	0	3	0
F50.20.113	0	0	0	3	0
F50.20.114	0	0	0	3	0
F50.20.115	0	0	0	3	0
F50.20.117	0	0	0	0	0
F50.20.118	0	0	0	0	0
F50.20.119	0	0	0	0	0
F50.20.120	0	0	0	3	0
F50.20.121	0	0	0	0	0
F50.20.122	6	0	0	0	0
F50.20.123	0	0	0	0	0
F50.20.124	0	0	0	3	0
F50.20.125	6	0	0	0	0
F50.20.126	0	0	0	0	0
F50.20.127	0	0	0	3	0
F50.20.128	0	0	0	3	0
F50.20.129	30	0	0	4	0
F50.20.130	0	0	0	0	0
F50.20.131	0	0	0	0	0
F50.20.132	20	0	0	1	0
F50.20.133	20	0	0	1	0
F50.20.136	0	0	0	0	0
F50.20.137	0	0	0	0	0
F50.20.138	0	0	0	0	0
F50.20.141	0	0	0	0	0
F50.20.142	10	0	0	0	0
F50.20.143	0	0	0	0	0
F50.20.144	0	0	0	0	0
F50.20.146	0	0	0	0	0
F50.20.147	0	0	0	0	0
F50.20.148	20	0	0	1	0
F50.20.149	0	0	0	0	0
F50.20.150					
F50.21.004	0	0	0	0	0
F50.21.005	0	0	0	0	0
F50.21.006	0	0	0	0	0
F50.21.007	0	0	0	0	0
F50.21.008	0	0	0	0	0
F50.21.009	0	0	0	0	0
F50.21.011	0	0	0	0	0
F50.21.012	0	0	0	0	0
F50.21.013	0	0	0	0	0
F50.21.023	0	0	0	0	0
F50.21.024	0	0	0	0	0
F50.21.025	0	0	0	0	0
F50.21.026	0	0	0	0	0
F50.21.027	0	0	0	8	0
F50.21.028	0	0	0	0	0
F50.21.030	8	0	0	1	0
F50.21.031	0	0	0	0	0
F50.21.032	20	0	0	1	0
F50.21.033	0	0	0	0	0
F50.21.034	0	0	0	0	0
F50.21.035					
F50.21.036					
F50.21.037					
F50.22.001	8	0	0	1	0
F50.22.002	8	0	0	1	0
F50.22.003	8	0	0	1	0
F50.22.004	8	0	0	1	0
F50.22.005	8	0	0	1	0
F50.22.006	8	0	0	1	0
F50.22.007	30	0	0	4	0
F50.22.008	8	0	0	1	0
F50.22.009	8	0	0	1	0
F50.22.013	0	0	0	0	0
F50.22.014	20	0	0	0	0
F50.22.015	0	0	0	0	0
F50.22.016	0	0	0	0	0
F50.22.017	0	0	0	0	0
F50.22.018	0	0	0	4	0
F50.22.019	0	0	0	0	0
F50.22.021	20	0	0	0	0
F50.22.025	0	0	0	0	0
F50.22.026	0	0	0	0	0
F50.22.027	0	0	0	0	0
F50.22.028	0	0	0	0	0
F50.22.029	0	0	0	0	0
F50.22.030	10	6	6	2	0
F50.22.032	0	0	0	0	0
F50.22.033	0	0	0	0	0
F50.22.034	0	0	0	0	0
F50.22.035	0	0	0	0	0
F50.22.036	8	4	0	2	0
F50.22.037	0	0	0	0	0
F50.22.038	10	6	6	2	0
F50.22.039	24	0	0	16	0
F50.22.040	0	0	0	0	0
F50.22.041	10	0	0	0	0
F50.22.042	8	4	0	2	0
F50.22.043	0	0	0	0	0
F50.22.044	0	0	0	0	0
F50.22.045	0	0	0	0	0
F50.22.046	0	0	0	0	0
F50.22.047	0	0	0	0	0
F50.22.048	0	0	0	0	0
F50.22.049					
F50.22.050	0	0	0	0	0
F50.22.051	0	0	0	0	0
F50.22.052	0	0	0	0	0
F50.22.053					
F50.22.054	0	0	0	0	0
F50.22.055	0	0	0	0	0
F50.22.056	6	0	0	0	0
F50.22.057	20	0	0	1	0
F50.22.058	0	0	0	0	0
F50.22.059	0	0	0	0	0
F50.22.060	0	0	0	0	0
F50.23.001	0	0	0	0	0
F50.23.003	6	0	0	0	0
F50.23.004	6	0	0	0	0
F50.23.007	6	0	0	0	0
F50.23.008	6	0	0	0	0
F50.23.011	6	0	0	0	0
F50.23.012	6	0	0	0	0
F50.23.015	6	0	0	0	0
F50.23.016	6	0	0	0	0
F50.23.018	0	0	0	0	0
F50.23.019	10	0	0	0	0
F50.23.020	8	0	0	1	0
F50.23.021	30	0	0	4	0
F50.23.022	8	0	0	1	0
F50.23.024	0	0	0	0	0
F50.23.025	0	0	0	0	0
F50.23.026	0	0	0	0	0
F50.23.028	6	0	0	0	0
F50.23.029	6	0	0	0	0
F50.23.030	20	0	0	0	0
F50.23.032	20	0	0	1	0
F50.23.034	0	0	0	0	0
F50.23.035	35	0	0	0	0
F50.23.036	30	0	0	10	0
F50.23.037	0	0	0	0	0
F50.23.039	20	0	0	1	0
F50.23.041	6	0	0	0	0
F50.23.042	6	0	0	0	0
F50.23.044	0	0	0	0	0
F50.23.048	6	0	0	0	0
F50.23.053	0	0	0	0	0
F50.23.054	6	0	0	0	0
F50.23.055	0	0	0	0	0
F50.23.057	6	0	0	0	0
F50.23.060	6	0	0	0	0
F50.23.061	6	0	0	0	0
F50.23.064	0	0	0	0	0
F50.23.065	0	0	0	0	0
F50.23.066	4	0	0	0	2
F50.23.067	0	0	0	0	0
F50.23.068	10	0	0	0	0
F50.23.069	12	6	6	2	1
F50.23.070	12	6	6	2	1
F50.23.071	12	6	6	2	1
F50.23.072	12	6	6	2	1
F50.23.073	12	6	6	2	1
F50.23.074	12	6	6	2	1
F50.23.075	12	6	6	2	1
F50.23.076	12	6	6	2	1
F50.23.077	12	6	6	2	1
F50.23.078	12	6	6	2	1
F50.23.079	12	6	6	2	1
F50.23.080	0	0	0	0	2
F50.23.081	12	6	6	2	1
F50.23.082	0	0	0	0	2
F50.23.083	0	0	0	0	2
F50.23.084	0	0	0	0	0
F50.23.085	0	0	0	0	0
F50.23.086	0	0	0	0	0
F50.23.087	0	0	0	0	0
F50.23.088	0	0	0	0	0
F50.23.089	0	0	0	0	0
F50.23.090	8	0	0	1	0
F50.23.091	0	0	0	0	0
F50.24.001	0	0	0	0	0
F50.24.003	6	0	0	0	0
F50.24.004	6	0	0	0	0
F50.24.007	6	0	0	0	0
F50.24.008	6	0	0	0	0
F50.24.011	6	0	0	0	0
F50.24.012	6	0	0	0	0
F50.24.015	6	0	0	0	0
F50.24.016	6	0	0	0	0
F50.24.019	6	0	0	0	0
F50.24.020	0	0	0	0	0
F50.24.021	0	0	0	0	0
F50.24.022	0	0	0	0	0
F50.24.023	0	0	0	0	0
F50.24.024	8	0	0	1	0
F50.24.025	30	0	0	4	0
F50.24.026	8	0	0	1	0
F50.24.027	0	0	0	0	0
F50.24.028	0	0	0	0	0
F50.24.029	30	0	0	10	0
F50.24.030	35	0	0	0	0
F50.24.033	6	0	0	0	0
F50.24.036	20	0	0	1	0
F50.24.038	30	0	0	4	0
F50.24.039	6	0	0	0	0
F50.24.040	6	0	0	0	0
F50.24.042	0	0	0	0	0
F50.24.043	0	0	0	0	0
F50.24.044	20	0	0	0	0
F50.24.049	6	0	0	0	0
F50.24.053	6	0	0	0	0
F50.24.054	0	0	0	0	0
F50.24.056	20	0	0	1	0
F50.24.058	10	0	0	0	0
F50.24.059	0	0	0	0	0
F50.24.061	10	0	0	0	0
F50.24.063	4	0	0	0	2
F50.24.064	0	0	0	0	0
F50.24.065	10	0	0	0	0
F50.24.066	12	6	6	2	1
F50.24.067	12	6	6	2	1
F50.24.068	12	6	6	2	1
F50.24.069	12	6	6	2	1
F50.24.070	12	6	6	2	1
F50.24.071	12	6	6	2	1
F50.24.072	12	6	6	2	1
F50.24.073	12	6	6	2	1
F50.24.074	12	6	6	2	1
F50.24.075	12	6	6	2	1
F50.24.076	12	6	6	2	1
F50.24.077	0	0	0	0	2
F50.24.078	0	0	0	0	0
F50.24.079	0	0	0	0	0
F50.24.080	0	0	0	0	0
F50.24.081	0	0	0	0	0
F50.24.082	0	0	0	0	0
F50.24.083	0	0	0	0	0
F50.24.084	0	0	0	0	0
F50.24.085	10	0	0	0	0
F50.24.086	10	0	0	0	0
F50.24.087	30	0	0	4	0
F50.24.088	0	0	0	0	0
F50.25.001	0	0	0	0	0
F50.25.004	6	0	0	0	0
F50.25.005	6	0	0	0	0
F50.25.006	6	0	0	0	0
F50.25.007	6	0	0	0	0
F50.25.011	6	0	0	0	0
F50.25.012	6	0	0	0	0
F50.25.016	6	0	0	0	0
F50.25.017	6	0	0	0	0
F50.25.020	20	0	0	1	0
F50.25.023	6	0	0	0	0
F50.25.024	6	0	0	0	0
F50.25.025	6	0	0	0	0
F50.25.028	12	6	6	2	1
F50.25.031	0	0	0	0	0
F50.25.032	35	0	0	0	0
F50.25.033	30	0	0	10	0
F50.25.034	6	0	0	0	0
F50.25.035	6	0	0	0	0
F50.25.036	0	0	0	0	0
F50.25.038	0	0	0	0	0
F50.25.039	20	0	0	0	0
F50.25.041	0	0	0	0	0
F50.25.044	6	0	0	0	0
F50.25.047	6	0	0	0	0
F50.25.049	0	0	0	0	0
F50.25.050	20	0	0	1	0
F50.25.052	0	0	0	0	0
F50.25.053	0	0	0	0	0
F50.25.054	0	0	0	0	0
F50.25.055	8	0	0	1	0
F50.25.056	30	0	0	4	0
F50.25.057	8	0	0	1	0
F50.25.058	0	0	0	0	0
F50.25.059	10	0	0	0	0
F50.25.065	0	0	0	0	0
F50.25.066	10	0	0	0	0
F50.25.067	4	0	0	0	2
F50.25.068	0	0	0	0	0
F50.25.069	10	0	0	0	0
F50.25.070	12	6	6	2	1
F50.25.071	12	6	6	2	1
F50.25.072	12	6	6	2	1
F50.25.073	12	6	6	2	1
F50.25.074	12	6	6	2	1
F50.25.075	12	6	6	2	1
F50.25.076	12	6	6	2	1
F50.25.077	12	6	6	2	1
F50.25.078	12	6	6	2	1
F50.25.079	12	6	6	2	1
F50.25.080	0	0	0	0	0
F50.25.081	12	6	6	2	1
F50.25.082	0	0	0	0	0
F50.25.083	0	0	0	0	0
F50.25.084	0	0	0	0	0
F50.25.085	6	0	0	0	0
F50.25.086	0	0	0	0	0
F50.25.087	0	0	0	0	0
F50.25.088	0	0	0	0	0
F50.25.090	0	0	0	0	0
F50.25.091	0	0	0	0	0
F50.25.092					
F50.26.001	12	6	6	2	1
F50.26.002	0	0	0	0	0
F50.26.004	6	0	0	0	0
F50.26.006	6	0	0	0	0
F50.26.007	6	0	0	0	0
F50.26.008	0	0	0	0	0
F50.26.011	10	0	0	0	0
F50.26.012	35	0	0	0	0
F50.26.013	6	0	0	0	0
F50.26.014	6	0	0	0	0
F50.26.017	30	0	0	10	0
F50.26.018	20	0	0	0	0
F50.26.020	0	0	0	0	0
F50.26.022	20	0	0	1	0
F50.26.025	6	0	0	0	0
F50.26.026	6	0	0	0	0
F50.26.028	0	0	0	0	0
F50.26.029	6	0	0	0	0
F50.26.030	6	0	0	0	0
F50.26.032	0	0	0	0	0
F50.26.033	0	0	0	0	0
F50.26.034	8	0	0	1	0
F50.26.035	8	0	0	1	0
F50.26.037	0	0	0	0	0
F50.26.038	0	0	0	0	0
F50.26.039	30	0	0	4	0
F50.26.040	0	0	0	0	0
F50.26.042	6	0	0	0	0
F50.26.043	6	0	0	0	0
F50.26.045	6	0	0	0	0
F50.26.046	0	0	0	0	0
F50.26.051	0	0	0	0	0
F50.26.052	4	0	0	0	2
F50.26.053	10	0	0	0	0
F50.26.054	10	0	0	0	0
F50.26.055	10	0	0	0	0
F50.26.056	0	0	0	0	0
F50.26.057	12	6	6	2	1
F50.26.058	12	6	6	2	1
F50.26.059	12	6	6	2	1
F50.26.060	12	6	6	2	1
F50.26.061	0	0	0	0	2
F50.26.062	0	0	0	0	2
F50.26.063	0	0	0	0	2
F50.26.064	0	0	0	0	2
F50.26.065	0	0	0	0	2
F50.26.066	0	0	0	0	0
F50.26.067	0	0	0	0	0
F50.26.068	0	0	0	0	0
F50.26.069	0	0	0	0	0
F50.26.070	0	0	0	0	0
F50.27.072					
F50.27.073					
F50.28.002	0	0	0	0	0
F50.28.003	0	0	0	0	0
F50.28.004	0	0	0	0	0
F50.28.007	6	0	0	0	0
F50.28.008	6	0	0	0	0
F50.28.009	0	0	0	0	0
F50.28.010	12	6	6	2	1
F50.28.011	6	0	0	0	0
F50.28.012	6	0	0	0	0
F50.28.014	6	0	0	0	0
F50.28.015	6	0	0	0	0
F50.28.018	6	0	0	0	0
F50.28.019	6	0	0	0	0
F50.28.021	0	0	0	0	0
F50.28.023	20	0	0	1	0
F50.28.025	6	0	0	0	0
F50.28.027	10	0	0	0	0
F50.28.028	0	0	0	0	0
F50.28.029	35	0	0	0	0
F50.28.030	30	0	0	10	0
F50.28.033	6	0	0	0	0
F50.28.034	6	0	0	0	0
F50.28.036	0	0	0	0	0
F50.28.037	0	0	0	0	0
F50.28.038	0	0	0	0	0
F50.28.040	8	0	0	1	0
F50.28.041	30	0	0	4	0
F50.28.042	8	0	0	1	0
F50.28.044	0	0	0	0	0
F50.28.045	0	0	0	0	0
F50.28.046	6	0	0	0	0
F50.28.047	0	0	0	0	0
F50.28.050	0	0	0	0	0
F50.28.052	20	0	0	1	0
F50.28.053	6	0	0	0	0
F50.28.060	0	0	0	0	0
F50.28.061	4	0	0	0	2
F50.28.062	0	0	0	0	0
F50.28.063	0	0	0	0	0
F50.28.064	20	0	0	0	0
F50.28.065	12	6	6	2	1
F50.28.066	12	6	6	2	1
F50.28.067	12	6	6	2	1
F50.28.068	12	6	6	2	1
F50.28.069	12	6	6	2	1
F50.28.070	12	6	6	2	1
F50.28.071	12	6	6	2	1
F50.28.072	12	6	6	2	1
F50.28.073	12	6	6	2	1
F50.28.074	12	6	6	2	1
F50.28.075	0	0	0	0	2
F50.28.076	0	0	0	0	2
F50.28.077	0	0	0	0	2
F50.28.078	0	0	0	0	2
F50.28.079	0	0	0	0	0
F50.28.080	6	0	0	0	0
F50.28.081	0	0	0	0	0
F50.28.082	0	0	0	0	0
F50.28.083	0	0	0	0	0
F50.28.084	6	0	0	0	0
F50.28.085	0	0	0	0	0
F50.28.086	8	0	0	1	0
F50.28.087	0	0	0	0	0
F50.29.001					
F50.29.002					
F50.29.003					
F50.29.004					
F50.29.005					
F50.29.006					
F50.29.007					
F50.29.008					
F50.29.009					
F50.29.011					
F50.29.013					
F50.29.014					
F50.29.015					
F50.29.016					
F50.29.017					
F50.29.018					
F50.29.019					
F50.29.020					
F50.29.021					
F50.29.022					
F50.29.023					
F50.29.024					
F50.29.025					
F50.29.026					
F50.29.027					
F50.29.028					
F50.29.029					
F50.29.031					
F50.29.032					
F50.29.033					
F50.29.034					
F50.29.035					
F50.29.036					
F50.29.037					
F50.29.038					
F50.29.039					
F50.29.040					
F50.29.041					
F50.29.042					
F50.29.043					
F50.29.044					
F50.29.045					
F50.29.046					
F50.29.047					
F50.29.048					
F50.29.049					
F50.29.050					
F50.29.051					
F50.29.052					
F50.29.053					
F50.29.054					
F50.29.055					
F50.29.056					
F50.29.057					
F50.29.058					
F50.29.059					
F50.29.060					
F50.29.061					
F50.29.062					
F50.29.063					
F50.29.064					
F50.29.066					
F50.29.067					
F50.29.068					
F50.29.069					
F50.29.070					
F50.29.071					
F50.29.072					
F50.29.073					
F50.29.074					
F50.29.075					
F50.29.076					
F50.29.077					
F50.29.080					
F50.29.081					
F50.29.082					
F50.29.083					
F50.29.084					
F50.29.085					
F50.29.086					
F50.29.087					
F50.29.088					
F50.29.089					
F50.29.090					
F50.29.091					
F50.29.092					
F50.29.093					
F50.29.096					
F50.29.097					
F50.29.098					
F50.29.099					
F50.29.100					
F50.29.101					
F50.29.102					
F50.29.103					
F50.29.104					
F50.29.107					
F50.29.108					
F50.29.109					
F50.29.110					
F50.29.111					
F50.29.112					
F50.29.113					
F50.29.114					
F50.29.116					
F50.29.117					
F50.29.118					
F50.29.119					
F50.29.120					
F50.29.121					
F50.29.122					
F50.29.123					
F50.29.124					
F50.29.126					
F50.29.127					
F50.29.128					
F50.29.130					
F50.29.131					
F50.29.135					
F50.29.136					
F50.29.137					
F50.29.138					
F50.29.140					
F50.29.141					
F50.29.142					
F50.29.143					
F50.29.145					
F50.29.146					
F50.29.147					
F50.29.148					
F50.29.150					
F50.29.151					
F50.29.152					
F50.29.153					
F50.29.154					
F50.29.156					
F50.29.157					
F50.29.158					
F50.29.159					
F50.29.161					
F50.29.162					
F50.29.163					
F50.29.164					
F50.29.165					
F50.29.166					
F50.29.167					
F50.29.168					
F50.29.169					
F50.29.170					
F50.29.171					
F50.29.172					
F50.29.173					
F50.29.174					
F50.29.177					
F50.29.179					
F50.29.180					
F50.29.181					
F50.29.183					
F50.29.184					
F50.29.190					
F50.29.192					
F50.29.193					
F50.29.194					
F50.29.195	0	0	0	0	0
F50.29.197					
F50.29.198					
F50.29.199					
F50.29.200					
F50.29.201					
F50.29.202					
F50.29.203					
F50.29.205					
F50.29.206					
F50.29.207	0	0	0	0	0
F50.29.208					
F50.29.210					
F50.29.212					
F50.29.213					
F50.29.214					
F50.29.215					
F50.29.216					
F50.29.217					
F50.29.218					
F50.29.219					
F50.29.220					
F50.29.221					
F50.29.222					
F50.29.223					
F50.29.224					
F50.29.225					
F50.30.003	0	0	0	0	0
F50.30.004	0	0	0	0	0
F50.30.006	0	0	0	0	0
F50.30.007	0	0	0	0	0
F50.30.008	0	0	0	0	0
F50.30.009	0	0	0	0	0
F50.30.015	0	0	0	0	0
F50.30.016	0	0	0	0	0
F50.30.017	0	0	0	0	0
F50.30.019	0	0	0	0	0
F50.30.020	0	0	0	0	0
F50.30.021	0	0	0	0	0
F50.30.023	0	0	0	0	0
F50.30.024	0	0	0	0	0
F50.30.025	0	0	0	0	0
F50.31.001	0	0	0	0	0
F50.31.002	30	0	0	4	0
F50.31.003	0	0	0	0	0
F50.31.004	10	0	0	0	0
F50.31.005	0	0	0	0	0
F50.31.006	0	0	0	0	0
F50.31.008	0	0	0	0	0
F50.31.009	0	0	0	0	0
F50.31.010	8	0	0	1	0
F50.31.011	30	0	0	4	0
F50.31.012	20	0	0	0	0
F50.31.013	0	0	0	0	0
